# change new_htc_structure_blade1 with this

sec 1 0.00000E+00 7.00600E-05 4.56578E-16 -2.00000E+01 ;
sec 2 -2.06477E-05 -1.22119E-02 3.08437E+00 -2.00000E+01 ;
sec 3 -7.28810E-03 -2.49251E-02 6.16874E+00 -2.00000E+01 ;
sec 4 -1.89235E-02 -2.73351E-02 7.19690E+00 -2.00000E+01 ;
sec 5 -5.41282E-02 -2.82163E-02 8.94520E+00 -2.00000E+01 ;
sec 6 -1.26633E-01 -2.13210E-02 1.06945E+01 -2.00000E+01 ;
sec 7 -2.25666E-01 -1.28378E-02 1.25478E+01 -2.00000E+01 ;
sec 8 -2.88563E-01 -7.70659E-03 1.35779E+01 -2.00000E+01 ;
sec 9 -3.99194E-01 -4.88317E-03 1.54321E+01 -2.00000E+01 ;
sec 10 -5.76634E-01 -1.80296E-02 1.87274E+01 -1.99978E+01 ;
sec 11 -7.07136E-01 -5.01772E-02 2.20201E+01 -1.83013E+01 ;
sec 12 -7.91081E-01 -9.41228E-02 2.53113E+01 -1.53453E+01 ;
sec 13 -8.37195E-01 -1.48880E-01 2.86017E+01 -1.26565E+01 ;
sec 14 -8.53948E-01 -2.14514E-01 3.18918E+01 -9.97921E+00 ;
sec 15 -8.49367E-01 -2.90618E-01 3.51821E+01 -7.77093E+00 ;
sec 16 -7.93920E-01 -4.62574E-01 4.13515E+01 -4.24448E+00 ;
sec 17 -7.16284E-01 -6.88437E-01 4.79328E+01 -1.31992E+00 ;
sec 18 -6.34358E-01 -9.60017E-01 5.45144E+01 2.33178E-01 ;
sec 19 -5.53179E-01 -1.28424E+00 6.10957E+01 1.33728E+00 ;
sec 20 -4.75422E-01 -1.66402E+00 6.76767E+01 2.11400E+00 ;
sec 21 -4.03180E-01 -2.10743E+00 7.42573E+01 2.72375E+00 ;
sec 22 -3.30085E-01 -2.65630E+00 8.12491E+01 3.26634E+00 ;
sec 23 -3.10140E-01 -2.78882E+00 8.27914E+01 3.37447E+00 ;
sec 24 -2.86719E-01 -2.92517E+00 8.43340E+01 3.47834E+00 ;
sec 25 -2.55823E-01 -3.06577E+00 8.58765E+01 3.57807E+00 ;
sec 26 -2.07891E-01 -3.20952E+00 8.74189E+01 3.67513E+00 ;
sec 27 -8.98940E-02 -3.33685E+00 8.87944E+01 3.75863E+00 ;
