  # Wind [m/s]             1             2             3             4             5             6             7             8             9            10            11            12             1             2             3             4             5             6             7             8             9            10            11            12             1             2             3             4             5             6             7             8             9            10            11            12
  0.400000E+01  0.000000E+00  0.259598E+00  0.256468E+00  0.544329E+00  0.700323E+00  0.743294E+00  0.828564E+00  0.103546E+01  0.137936E+01  0.162362E+01  0.180968E+01  0.181869E+01 -0.100000E+03  0.650708E+01  0.433158E+00  0.510602E+02  0.457587E+02  0.409772E+02  0.113718E+01  0.172651E+01  0.164486E+02  0.136732E+02  0.121561E+01  0.150234E+02  0.723370E-07 -0.106363E+00 -0.698014E-02 -0.203104E+01 -0.226449E+01 -0.209796E+01 -0.592055E-01 -0.112343E+00 -0.144525E+01 -0.140810E+01 -0.138232E+00 -0.173646E+01
  0.500000E+01  0.000000E+00  0.259587E+00  0.256456E+00  0.534763E+00  0.691219E+00  0.731836E+00  0.830756E+00  0.104041E+01  0.137397E+01  0.161709E+01  0.181491E+01  0.181166E+01 -0.100000E+03  0.654394E+01  0.426362E+00  0.512521E+02  0.456682E+02  0.408135E+02  0.106231E+01  0.188155E+01  0.163482E+02  0.135988E+02  0.128655E+01  0.148838E+02  0.282752E-06 -0.106963E+00 -0.687030E-02 -0.200551E+01 -0.222946E+01 -0.205572E+01 -0.554537E-01 -0.123021E+00 -0.143057E+01 -0.139466E+01 -0.146723E+00 -0.171331E+01
  0.600000E+01  0.000000E+00  0.259238E+00  0.256435E+00  0.519139E+00  0.677786E+00  0.713471E+00  0.834063E+00  0.104722E+01  0.137007E+01  0.161161E+01  0.182126E+01  0.180557E+01 -0.100000E+03  0.643568E+01  0.418543E+00  0.511502E+02  0.452746E+02  0.403138E+02  0.102614E+01  0.206730E+01  0.161264E+02  0.134393E+02  0.145972E+01  0.145469E+02  0.133742E-05 -0.105045E+00 -0.674376E-02 -0.194167E+01 -0.216241E+01 -0.197480E+01 -0.537785E-01 -0.136054E+00 -0.140664E+01 -0.137332E+01 -0.167058E+00 -0.166805E+01
  0.700000E+01  0.000000E+00  0.259048E+00  0.256424E+00  0.507886E+00  0.668900E+00  0.699804E+00  0.837016E+00  0.105318E+01  0.136565E+01  0.160577E+01  0.182463E+01  0.179992E+01 -0.100000E+03  0.634751E+01  0.418808E+00  0.505982E+02  0.445320E+02  0.395165E+02  0.998813E+00  0.219939E+01  0.159269E+02  0.133002E+02  0.163253E+01  0.141935E+02  0.605388E-05 -0.103524E+00 -0.674772E-02 -0.187197E+01 -0.209031E+01 -0.189149E+01 -0.525314E-01 -0.145577E+00 -0.138430E+01 -0.135393E+01 -0.187186E+00 -0.162159E+01
  0.800000E+01  0.000000E+00  0.260464E+00  0.256398E+00  0.498665E+00  0.669913E+00  0.716095E+00  0.824425E+00  0.106902E+01  0.135169E+01  0.161220E+01  0.182530E+01  0.180118E+01 -0.100000E+03  0.696342E+01  0.424333E+00  0.583861E+02  0.512209E+02  0.450987E+02  0.115015E+01  0.265530E+01  0.187951E+02  0.151469E+02  0.168783E+01  0.165080E+02  0.740961E-05 -0.114237E+00 -0.683604E-02 -0.225331E+01 -0.251028E+01 -0.227348E+01 -0.595818E-01 -0.178415E+00 -0.162522E+01 -0.155225E+01 -0.193601E+00 -0.189422E+01
  0.900000E+01  0.000000E+00  0.261804E+00  0.256363E+00  0.490370E+00  0.669266E+00  0.733210E+00  0.810959E+00  0.108316E+01  0.133265E+01  0.161731E+01  0.182392E+01  0.179950E+01 -0.100000E+03  0.751605E+01  0.428537E+00  0.657162E+02  0.577460E+02  0.506559E+02  0.131012E+01  0.310725E+01  0.217704E+02  0.169273E+02  0.173122E+01  0.188806E+02  0.921528E-05 -0.123987E+00 -0.690284E-02 -0.268627E+01 -0.297432E+01 -0.270662E+01 -0.667619E-01 -0.211573E+00 -0.186770E+01 -0.174532E+01 -0.198428E+00 -0.217385E+01
  0.100000E+02  0.000000E+00  0.263094E+00  0.256323E+00  0.487207E+00  0.670441E+00  0.754837E+00  0.796482E+00  0.109540E+01  0.130761E+01  0.162107E+01  0.182013E+01  0.179448E+01 -0.100000E+03  0.802363E+01  0.431944E+00  0.723038E+02  0.639964E+02  0.561944E+02  0.146510E+01  0.353319E+01  0.248196E+02  0.186160E+02  0.176492E+01  0.212970E+02  0.114903E-04 -0.133065E+00 -0.695663E-02 -0.320403E+01 -0.350837E+01 -0.322203E+01 -0.733280E-01 -0.243327E+00 -0.210503E+01 -0.192987E+01 -0.201872E+00 -0.245763E+01
  0.110000E+02  0.000000E+00  0.264230E+00  0.256278E+00  0.485259E+00  0.669052E+00  0.776083E+00  0.780895E+00  0.110579E+01  0.127622E+01  0.162394E+01  0.181376E+01  0.178563E+01 -0.100000E+03  0.849517E+01  0.434825E+00  0.780777E+02  0.698854E+02  0.616448E+02  0.159113E+01  0.388596E+01  0.278061E+02  0.201647E+02  0.179069E+01  0.237396E+02  0.150885E-04 -0.141549E+00 -0.700179E-02 -0.381006E+01 -0.410733E+01 -0.381761E+01 -0.780789E-01 -0.270195E+00 -0.232123E+01 -0.210067E+01 -0.204103E+00 -0.274182E+01
  0.111000E+02  0.000000E+00  0.264361E+00  0.256273E+00  0.486892E+00  0.670276E+00  0.780103E+00  0.779101E+00  0.110676E+01  0.127220E+01  0.162426E+01  0.181294E+01  0.178450E+01 -0.100000E+03  0.854644E+01  0.435132E+00  0.786635E+02  0.705531E+02  0.623031E+02  0.160129E+01  0.391808E+01  0.281735E+02  0.203555E+02  0.179174E+01  0.240441E+02  0.154036E-04 -0.142480E+00 -0.700660E-02 -0.389768E+01 -0.419277E+01 -0.390414E+01 -0.783968E-01 -0.272671E+00 -0.234711E+01 -0.212180E+01 -0.204130E+00 -0.277739E+01
  0.112000E+02  0.000000E+00  0.264463E+00  0.256268E+00  0.487532E+00  0.670644E+00  0.782693E+00  0.777601E+00  0.110761E+01  0.126888E+01  0.162453E+01  0.181215E+01  0.178356E+01 -0.100000E+03  0.858749E+01  0.435440E+00  0.791355E+02  0.710790E+02  0.628120E+02  0.161180E+01  0.394911E+01  0.284623E+02  0.205031E+02  0.179430E+01  0.242872E+02  0.158648E-04 -0.143225E+00 -0.701142E-02 -0.396515E+01 -0.425802E+01 -0.396981E+01 -0.787598E-01 -0.275046E+00 -0.236709E+01 -0.213822E+01 -0.204333E+00 -0.280573E+01
  0.113000E+02  0.000000E+00  0.264331E+00  0.256262E+00  0.486448E+00  0.670056E+00  0.781498E+00  0.777659E+00  0.110788E+01  0.126918E+01  0.162436E+01  0.181168E+01  0.178368E+01 -0.100000E+03  0.856890E+01  0.434945E+00  0.790226E+02  0.709135E+02  0.626124E+02  0.162985E+01  0.398819E+01  0.283797E+02  0.204401E+02  0.180571E+01  0.242024E+02  0.177514E-04 -0.142841E+00 -0.700331E-02 -0.394128E+01 -0.423434E+01 -0.394301E+01 -0.796480E-01 -0.277839E+00 -0.236017E+01 -0.213114E+01 -0.205579E+00 -0.279552E+01
  0.114000E+02  0.000000E+00  0.264645E+00  0.256298E+00  0.524582E+00  0.701295E+00  0.818944E+00  0.776745E+00  0.110525E+01  0.126683E+01  0.162713E+01  0.181240E+01  0.178818E+01 -0.100000E+03  0.865417E+01  0.441354E+00  0.792864E+02  0.722355E+02  0.643251E+02  0.149030E+01  0.376936E+01  0.296267E+02  0.212369E+02  0.163018E+01  0.251059E+02  0.903512E-05 -0.144445E+00 -0.710748E-02 -0.428835E+01 -0.460283E+01 -0.432296E+01 -0.727411E-01 -0.261949E+00 -0.246906E+01 -0.222185E+01 -0.185665E+00 -0.291410E+01
  0.115000E+02  0.000000E+00  0.264622E+00  0.256323E+00  0.519094E+00  0.695226E+00  0.814888E+00  0.776040E+00  0.110362E+01  0.126540E+01  0.162647E+01  0.181287E+01  0.178594E+01 -0.100000E+03  0.873372E+01  0.446742E+00  0.799923E+02  0.729191E+02  0.651328E+02  0.136886E+01  0.354228E+01  0.296067E+02  0.213100E+02  0.150431E+01  0.252494E+02  0.643589E-05 -0.145770E+00 -0.719497E-02 -0.434759E+01 -0.465473E+01 -0.439494E+01 -0.667521E-01 -0.245785E+00 -0.246444E+01 -0.222895E+01 -0.171369E+00 -0.292821E+01
  0.116000E+02  0.000000E+00  0.264592E+00  0.256343E+00  0.514182E+00  0.690076E+00  0.810989E+00  0.775464E+00  0.110239E+01  0.126458E+01  0.162608E+01  0.181292E+01  0.178445E+01 -0.100000E+03  0.879386E+01  0.452015E+00  0.805211E+02  0.734195E+02  0.657208E+02  0.128585E+01  0.338065E+01  0.295815E+02  0.213601E+02  0.142868E+01  0.253324E+02  0.518787E-05 -0.146765E+00 -0.728045E-02 -0.438693E+01 -0.468876E+01 -0.444318E+01 -0.626568E-01 -0.234296E+00 -0.246055E+01 -0.223390E+01 -0.162757E+00 -0.293605E+01
  0.117000E+02  0.000000E+00  0.264688E+00  0.256361E+00  0.512924E+00  0.687870E+00  0.810561E+00  0.774983E+00  0.110136E+01  0.126383E+01  0.162589E+01  0.181278E+01  0.178364E+01 -0.100000E+03  0.886339E+01  0.459497E+00  0.808203E+02  0.737538E+02  0.660878E+02  0.122580E+01  0.326093E+01  0.295891E+02  0.214191E+02  0.137819E+01  0.254252E+02  0.429695E-05 -0.147988E+00 -0.740149E-02 -0.442291E+01 -0.472031E+01 -0.448477E+01 -0.596931E-01 -0.225779E+00 -0.245979E+01 -0.224012E+01 -0.156991E+00 -0.294621E+01
  0.118000E+02  0.000000E+00  0.264744E+00  0.256376E+00  0.514472E+00  0.688619E+00  0.812980E+00  0.774533E+00  0.110044E+01  0.126303E+01  0.162566E+01  0.181252E+01  0.178308E+01 -0.100000E+03  0.891637E+01  0.464418E+00  0.809821E+02  0.739576E+02  0.663470E+02  0.117755E+01  0.316225E+01  0.296033E+02  0.214706E+02  0.134323E+01  0.254909E+02  0.374775E-05 -0.148911E+00 -0.748119E-02 -0.446202E+01 -0.475422E+01 -0.452963E+01 -0.573099E-01 -0.218755E+00 -0.245952E+01 -0.224544E+01 -0.152987E+00 -0.295342E+01
  0.119000E+02  0.000000E+00  0.264814E+00  0.256389E+00  0.521307E+00  0.694640E+00  0.820587E+00  0.774116E+00  0.109958E+01  0.126189E+01  0.162521E+01  0.181221E+01  0.178252E+01 -0.100000E+03  0.896084E+01  0.469409E+00  0.809740E+02  0.740502E+02  0.665354E+02  0.113943E+01  0.308267E+01  0.296754E+02  0.215495E+02  0.131984E+01  0.255684E+02  0.333255E-05 -0.149700E+00 -0.756199E-02 -0.451998E+01 -0.480908E+01 -0.459527E+01 -0.554246E-01 -0.213080E+00 -0.246386E+01 -0.225347E+01 -0.150296E+00 -0.296211E+01
  0.120000E+02  0.000000E+00  0.264932E+00  0.256402E+00  0.566516E+00  0.734720E+00  0.864649E+00  0.773687E+00  0.109862E+01  0.126050E+01  0.162738E+01  0.181181E+01  0.178725E+01 -0.100000E+03  0.897596E+01  0.474252E+00  0.800755E+02  0.739590E+02  0.666610E+02  0.111184E+01  0.303498E+01  0.306318E+02  0.221313E+02  0.130952E+01  0.260925E+02  0.299285E-05 -0.150021E+00 -0.764038E-02 -0.475851E+01 -0.507272E+01 -0.485846E+01 -0.540524E-01 -0.209596E+00 -0.254854E+01 -0.232050E+01 -0.149088E+00 -0.303523E+01
  0.130000E+02  0.000000E+00  0.265153E+00  0.256495E+00  0.656001E+00  0.814253E+00  0.956551E+00  0.770231E+00  0.109268E+01  0.125460E+01  0.162863E+01  0.180656E+01  0.179197E+01 -0.100000E+03  0.923522E+01  0.520891E+00  0.783231E+02  0.734027E+02  0.665309E+02  0.902994E+00  0.255231E+01  0.320734E+02  0.232414E+02  0.135368E+01  0.268886E+02  0.177394E-05 -0.154520E+00 -0.839482E-02 -0.519244E+01 -0.552975E+01 -0.535603E+01 -0.437022E-01 -0.175286E+00 -0.266934E+01 -0.244524E+01 -0.153670E+00 -0.314321E+01
  0.140000E+02  0.000000E+00  0.264856E+00  0.256559E+00  0.653270E+00  0.813757E+00  0.956651E+00  0.767369E+00  0.108876E+01  0.126100E+01  0.163319E+01  0.180029E+01  0.179753E+01 -0.100000E+03  0.942364E+01  0.563466E+00  0.786282E+02  0.736130E+02  0.668373E+02  0.826173E+00  0.228682E+01  0.320393E+02  0.233977E+02  0.157887E+01  0.266271E+02  0.139101E-05 -0.157523E+00 -0.908327E-02 -0.522342E+01 -0.556088E+01 -0.540109E+01 -0.398355E-01 -0.156479E+00 -0.267977E+01 -0.246952E+01 -0.178617E+00 -0.311996E+01
  0.150000E+02  0.000000E+00  0.264557E+00  0.256614E+00  0.654367E+00  0.816035E+00  0.959300E+00  0.764608E+00  0.108510E+01  0.126539E+01  0.163647E+01  0.179331E+01  0.180249E+01 -0.100000E+03  0.958889E+01  0.604633E+00  0.788928E+02  0.738558E+02  0.671924E+02  0.786499E+00  0.209671E+01  0.321114E+02  0.235948E+02  0.187816E+01  0.263685E+02  0.119582E-05 -0.160130E+00 -0.974900E-02 -0.527870E+01 -0.561682E+01 -0.546838E+01 -0.377860E-01 -0.142983E+00 -0.269585E+01 -0.249657E+01 -0.211662E+00 -0.309590E+01
  0.160000E+02  0.000000E+00  0.264208E+00  0.256665E+00  0.651304E+00  0.815065E+00  0.957755E+00  0.761915E+00  0.108172E+01  0.127152E+01  0.164083E+01  0.178575E+01  0.180911E+01 -0.100000E+03  0.975183E+01  0.650642E+00  0.791433E+02  0.740158E+02  0.674367E+02  0.773334E+00  0.195693E+01  0.320746E+02  0.236969E+02  0.224067E+01  0.259670E+02  0.107274E-05 -0.162662E+00 -0.104930E-01 -0.529852E+01 -0.563699E+01 -0.549592E+01 -0.370226E-01 -0.133031E+00 -0.270544E+01 -0.251469E+01 -0.251471E+00 -0.305651E+01
  0.170000E+02  0.000000E+00  0.263608E+00  0.256700E+00  0.646034E+00  0.812558E+00  0.954072E+00  0.759268E+00  0.107852E+01  0.127875E+01  0.164605E+01  0.177749E+01  0.181704E+01 -0.100000E+03  0.987227E+01  0.694058E+00  0.793081E+02  0.740482E+02  0.675247E+02  0.777741E+00  0.185310E+01  0.320771E+02  0.238193E+02  0.264791E+01  0.255607E+02  0.100476E-05 -0.164317E+00 -0.111947E-01 -0.528508E+01 -0.562511E+01 -0.548792E+01 -0.371042E-01 -0.125597E+00 -0.272107E+01 -0.253650E+01 -0.295830E+00 -0.301849E+01
  0.180000E+02  0.000000E+00  0.263151E+00  0.256743E+00  0.645132E+00  0.813228E+00  0.954024E+00  0.756623E+00  0.107533E+01  0.128391E+01  0.164991E+01  0.176854E+01  0.182434E+01 -0.100000E+03  0.100058E+02  0.742013E+00  0.794611E+02  0.741504E+02  0.677010E+02  0.790292E+00  0.176686E+01  0.321812E+02  0.240054E+02  0.308538E+01  0.251965E+02  0.952384E-06 -0.166274E+00 -0.119702E-01 -0.530529E+01 -0.564699E+01 -0.551407E+01 -0.375716E-01 -0.119396E+00 -0.274193E+01 -0.256353E+01 -0.343013E+00 -0.298449E+01
  0.190000E+02  0.000000E+00  0.262603E+00  0.256778E+00  0.644515E+00  0.814091E+00  0.954055E+00  0.753978E+00  0.107220E+01  0.128893E+01  0.165370E+01  0.175880E+01  0.183236E+01 -0.100000E+03  0.101312E+02  0.789279E+00  0.796156E+02  0.742578E+02  0.678870E+02  0.810701E+00  0.169553E+01  0.322876E+02  0.241870E+02  0.355317E+01  0.248031E+02  0.919920E-06 -0.168028E+00 -0.127345E-01 -0.532831E+01 -0.567122E+01 -0.554231E+01 -0.384073E-01 -0.114241E+00 -0.276281E+01 -0.259006E+01 -0.392905E+00 -0.294770E+01
  0.200000E+02  0.000000E+00  0.262029E+00  0.256812E+00  0.643928E+00  0.814953E+00  0.953974E+00  0.751340E+00  0.106913E+01  0.129396E+01  0.165753E+01  0.174822E+01  0.184124E+01 -0.100000E+03  0.102454E+02  0.840318E+00  0.797658E+02  0.743606E+02  0.680689E+02  0.837165E+00  0.163692E+01  0.323921E+02  0.243628E+02  0.404236E+01  0.243910E+02  0.898601E-06 -0.169570E+00 -0.135598E-01 -0.535102E+01 -0.569478E+01 -0.556948E+01 -0.395224E-01 -0.109975E+00 -0.278361E+01 -0.261611E+01 -0.444393E+00 -0.290963E+01
  0.210000E+02  0.000000E+00  0.261444E+00  0.256842E+00  0.643362E+00  0.815814E+00  0.953803E+00  0.748711E+00  0.106612E+01  0.129899E+01  0.166141E+01  0.173675E+01  0.185104E+01 -0.100000E+03  0.103547E+02  0.883620E+00  0.799163E+02  0.744622E+02  0.682521E+02  0.868512E+00  0.158839E+01  0.324949E+02  0.245336E+02  0.453904E+01  0.239693E+02  0.887456E-06 -0.171017E+00 -0.142603E-01 -0.537419E+01 -0.571828E+01 -0.559651E+01 -0.408588E-01 -0.106413E+00 -0.280436E+01 -0.264178E+01 -0.495827E+00 -0.287143E+01
  0.220000E+02  0.000000E+00  0.260791E+00  0.256871E+00  0.642742E+00  0.816613E+00  0.953492E+00  0.746092E+00  0.106316E+01  0.130402E+01  0.166530E+01  0.172440E+01  0.186176E+01 -0.100000E+03  0.104496E+02  0.935145E+00  0.800606E+02  0.745566E+02  0.684270E+02  0.903714E+00  0.154877E+01  0.326047E+02  0.247065E+02  0.503763E+01  0.235543E+02  0.883780E-06 -0.172170E+00 -0.150936E-01 -0.539597E+01 -0.574019E+01 -0.562161E+01 -0.423664E-01 -0.103470E+00 -0.282586E+01 -0.266784E+01 -0.546506E+00 -0.283510E+01
  0.230000E+02  0.000000E+00  0.260131E+00  0.256903E+00  0.642073E+00  0.817356E+00  0.953055E+00  0.743476E+00  0.106023E+01  0.130908E+01  0.166922E+01  0.171116E+01  0.187337E+01 -0.100000E+03  0.105504E+02  0.991480E+00  0.801971E+02  0.746426E+02  0.685920E+02  0.942397E+00  0.151619E+01  0.327217E+02  0.248832E+02  0.552442E+01  0.231585E+02  0.882629E-06 -0.173408E+00 -0.160049E-01 -0.541608E+01 -0.576037E+01 -0.564458E+01 -0.440251E-01 -0.101015E+00 -0.284821E+01 -0.269450E+01 -0.594870E+00 -0.280210E+01
  0.240000E+02  0.000000E+00  0.259429E+00  0.256934E+00  0.641602E+00  0.818232E+00  0.952729E+00  0.740874E+00  0.105736E+01  0.131405E+01  0.167312E+01  0.169721E+01  0.188571E+01 -0.100000E+03  0.106433E+02  0.105039E+01  0.803333E+02  0.747307E+02  0.687610E+02  0.983828E+00  0.148986E+01  0.328431E+02  0.250603E+02  0.598513E+01  0.227938E+02  0.887060E-06 -0.174481E+00 -0.169580E-01 -0.543799E+01 -0.578195E+01 -0.566901E+01 -0.457999E-01 -0.989911E-01 -0.287093E+01 -0.272130E+01 -0.639393E+00 -0.277368E+01
  0.250000E+02  0.000000E+00  0.258594E+00  0.256961E+00  0.627495E+00  0.808516E+00  0.939921E+00  0.738290E+00  0.105464E+01  0.132419E+01  0.168051E+01  0.168242E+01  0.190181E+01 -0.100000E+03  0.107159E+02  0.111219E+01  0.806426E+02  0.747202E+02  0.688465E+02  0.102226E+01  0.146454E+01  0.325181E+02  0.249150E+02  0.643138E+01  0.221401E+02  0.897509E-06 -0.175120E+00 -0.179578E-01 -0.537678E+01 -0.571148E+01 -0.560601E+01 -0.474233E-01 -0.970583E-01 -0.286103E+01 -0.271643E+01 -0.681270E+00 -0.271294E+01
