# Speed[rad/s]             1             2             3             4             5             6             7             8             9            10            11            12             1             2             3             4             5             6             7             8             9            10            11            12
  0.000000E+00  0.610456E+00  0.930608E+00  0.173904E+01  0.276193E+01  0.357278E+01  0.569351E+01  0.610683E+01  0.665524E+01  0.895916E+01  0.986677E+01  0.114058E+02  0.124883E+02  0.485120E+00  0.472401E+00  0.135811E+01  0.139976E+01  0.276932E+01  0.330609E+01  0.425852E+01  0.928346E+00  0.698160E+01  0.496120E+01  0.161329E+01  0.972698E+01
  0.104720E+00  0.610880E+00  0.930698E+00  0.173952E+01  0.276213E+01  0.357330E+01  0.569380E+01  0.610731E+01  0.665530E+01  0.895972E+01  0.986705E+01  0.114058E+02  0.124889E+02  0.484778E+00  0.472348E+00  0.135773E+01  0.139961E+01  0.276894E+01  0.330528E+01  0.425871E+01  0.928388E+00  0.698099E+01  0.496116E+01  0.161324E+01  0.972653E+01
  0.209440E+00  0.612152E+00  0.930967E+00  0.174095E+01  0.276272E+01  0.357483E+01  0.569469E+01  0.610875E+01  0.665548E+01  0.896140E+01  0.986790E+01  0.114059E+02  0.124907E+02  0.483757E+00  0.472189E+00  0.135660E+01  0.139916E+01  0.276780E+01  0.330285E+01  0.425929E+01  0.928514E+00  0.697916E+01  0.496103E+01  0.161309E+01  0.972519E+01
  0.314159E+00  0.614264E+00  0.931415E+00  0.174335E+01  0.276372E+01  0.357740E+01  0.569616E+01  0.611117E+01  0.665578E+01  0.896420E+01  0.986931E+01  0.114060E+02  0.124937E+02  0.482075E+00  0.471924E+00  0.135473E+01  0.139841E+01  0.276589E+01  0.329881E+01  0.426025E+01  0.928725E+00  0.697611E+01  0.496082E+01  0.161285E+01  0.972295E+01
  0.418879E+00  0.617203E+00  0.932042E+00  0.174669E+01  0.276512E+01  0.358098E+01  0.569822E+01  0.611455E+01  0.665619E+01  0.896812E+01  0.987129E+01  0.114062E+02  0.124978E+02  0.479759E+00  0.471555E+00  0.135212E+01  0.139737E+01  0.276324E+01  0.329320E+01  0.426154E+01  0.929021E+00  0.697185E+01  0.496052E+01  0.161250E+01  0.971983E+01
  0.523599E+00  0.620953E+00  0.932848E+00  0.175098E+01  0.276691E+01  0.358558E+01  0.570085E+01  0.611889E+01  0.665673E+01  0.897315E+01  0.987383E+01  0.114065E+02  0.125032E+02  0.476846E+00  0.471081E+00  0.134879E+01  0.139604E+01  0.275983E+01  0.328606E+01  0.426315E+01  0.929405E+00  0.696636E+01  0.496016E+01  0.161207E+01  0.971581E+01
  0.628319E+00  0.625494E+00  0.933833E+00  0.175620E+01  0.276910E+01  0.359120E+01  0.570405E+01  0.612421E+01  0.665739E+01  0.897929E+01  0.987694E+01  0.114067E+02  0.125098E+02  0.473381E+00  0.470505E+00  0.134475E+01  0.139442E+01  0.275568E+01  0.327743E+01  0.426503E+01  0.929878E+00  0.695967E+01  0.495972E+01  0.161155E+01  0.971092E+01
  0.733038E+00  0.630802E+00  0.934996E+00  0.176236E+01  0.277168E+01  0.359782E+01  0.570782E+01  0.613049E+01  0.665817E+01  0.898654E+01  0.988061E+01  0.114071E+02  0.125175E+02  0.469418E+00  0.469827E+00  0.134003E+01  0.139252E+01  0.275081E+01  0.326738E+01  0.426713E+01  0.930442E+00  0.695176E+01  0.495922E+01  0.161094E+01  0.970514E+01
  0.837758E+00  0.636849E+00  0.936338E+00  0.176943E+01  0.277465E+01  0.360544E+01  0.571214E+01  0.613775E+01  0.665908E+01  0.899488E+01  0.988484E+01  0.114075E+02  0.125264E+02  0.465014E+00  0.469048E+00  0.133464E+01  0.139034E+01  0.274522E+01  0.325598E+01  0.426939E+01  0.931101E+00  0.694264E+01  0.495866E+01  0.161026E+01  0.969849E+01
  0.942478E+00  0.643604E+00  0.937858E+00  0.177741E+01  0.277800E+01  0.361406E+01  0.571700E+01  0.614598E+01  0.666011E+01  0.900431E+01  0.988964E+01  0.114080E+02  0.125365E+02  0.460230E+00  0.468170E+00  0.132862E+01  0.138790E+01  0.273892E+01  0.324331E+01  0.427175E+01  0.931857E+00  0.693231E+01  0.495806E+01  0.160950E+01  0.969097E+01
  0.104720E+01  0.651035E+00  0.939557E+00  0.178628E+01  0.278173E+01  0.362367E+01  0.572239E+01  0.615519E+01  0.666126E+01  0.901483E+01  0.989500E+01  0.114085E+02  0.125477E+02  0.455130E+00  0.467193E+00  0.132200E+01  0.138519E+01  0.273194E+01  0.322944E+01  0.427413E+01  0.932714E+00  0.692077E+01  0.495743E+01  0.160869E+01  0.968259E+01
