  5 Wind speed [m/s]          Pitch [deg]   Trying thrust clipping
          0.000000          3.653600
          4.000000          3.653600
          5.000000          2.671575
          6.000000          1.350017
          7.000000          0.000000
          11.000000          0.500000
          11.100000          0.700000
          11.200000          1.000000
          11.300000          1.500000
          11.400000          2.000000
          11.500000          2.450000  
          50.0               2.450000
          
          
          
