  # Wind [m/s]             1             2             3             4             5             6             7             8             9            10            11            12             1             2             3             4             5             6             7             8             9            10            11            12             1             2             3             4             5             6             7             8             9            10            11            12
  0.400000E+01  0.000000E+00  0.250600E+00  0.253798E+00  0.510723E+00  0.613516E+00  0.634581E+00  0.830870E+00  0.942718E+00  0.131605E+01  0.151101E+01  0.170186E+01  0.176527E+01  0.100000E+03  0.359809E+01  0.397033E+00  0.212399E+02  0.185995E+02  0.192145E+02  0.738578E+00  0.107620E+01  0.697968E+01  0.655881E+01  0.531436E+01  0.247755E+01 -0.627172E-05 -0.566909E-01 -0.633137E-02 -0.697496E+00 -0.729714E+00 -0.780665E+00 -0.385586E-01 -0.637500E-01 -0.578560E+00 -0.624034E+00 -0.569074E+00 -0.274881E+00
  0.500000E+01  0.000000E+00  0.251540E+00  0.253807E+00  0.501447E+00  0.626119E+00  0.635762E+00  0.820462E+00  0.959575E+00  0.131345E+01  0.151770E+01  0.171421E+01  0.176219E+01  0.100000E+03  0.438467E+01  0.415115E+00  0.275282E+02  0.232282E+02  0.245138E+02  0.821408E+00  0.134790E+01  0.895439E+01  0.810811E+01  0.691086E+01  0.260441E+01 -0.188261E-04 -0.693651E-01 -0.661996E-02 -0.902183E+00 -0.939499E+00 -0.101005E+01 -0.423460E-01 -0.812750E-01 -0.741958E+00 -0.775744E+00 -0.746132E+00 -0.288462E+00
  0.600000E+01  0.000000E+00  0.252593E+00  0.253805E+00  0.491358E+00  0.638747E+00  0.636156E+00  0.810263E+00  0.976442E+00  0.130866E+01  0.152400E+01  0.172304E+01  0.176148E+01  0.100000E+03  0.511490E+01  0.430736E+00  0.338822E+02  0.273106E+02  0.300954E+02  0.927270E+00  0.168164E+01  0.110204E+02  0.965906E+01  0.871713E+01  0.257643E+01 -0.922301E-04 -0.812844E-01 -0.686902E-02 -0.111181E+01 -0.113939E+01 -0.126142E+01 -0.472097E-01 -0.103186E+00 -0.911710E+00 -0.929255E+00 -0.947340E+00 -0.285246E+00
  0.700000E+01  0.000000E+00  0.253732E+00  0.253793E+00  0.481501E+00  0.650371E+00  0.638262E+00  0.800035E+00  0.992910E+00  0.130231E+01  0.153053E+01  0.172997E+01  0.176189E+01 -0.100000E+03  0.577948E+01  0.444102E+00  0.402770E+02  0.313914E+02  0.355170E+02  0.105769E+01  0.207231E+01  0.131996E+02  0.112112E+02  0.105859E+02  0.254212E+01  0.442398E-04 -0.922935E-01 -0.708184E-02 -0.133128E+01 -0.135107E+01 -0.152368E+01 -0.531706E-01 -0.129312E+00 -0.108961E+01 -0.108498E+01 -0.115716E+01 -0.281510E+00
  0.800000E+01  0.000000E+00  0.254894E+00  0.253770E+00  0.471998E+00  0.662485E+00  0.640178E+00  0.789529E+00  0.100862E+01  0.129370E+01  0.153667E+01  0.173486E+01  0.176213E+01 -0.100000E+03  0.637376E+01  0.455546E+00  0.465300E+02  0.353816E+02  0.406750E+02  0.120904E+01  0.250470E+01  0.154490E+02  0.127216E+02  0.124613E+02  0.252172E+01  0.305426E-04 -0.102287E+00 -0.726369E-02 -0.155896E+01 -0.157462E+01 -0.179094E+01 -0.599818E-01 -0.158782E+00 -0.127104E+01 -0.123836E+01 -0.136900E+01 -0.279288E+00
  0.900000E+01  0.000000E+00  0.256034E+00  0.253740E+00  0.463248E+00  0.675558E+00  0.641784E+00  0.778513E+00  0.102326E+01  0.128276E+01  0.154249E+01  0.173823E+01  0.176122E+01 -0.100000E+03  0.690303E+01  0.465446E+00  0.525400E+02  0.392185E+02  0.456036E+02  0.137610E+01  0.296481E+01  0.177572E+02  0.141740E+02  0.143347E+02  0.251288E+01  0.273395E-04 -0.111315E+00 -0.742065E-02 -0.179733E+01 -0.180967E+01 -0.206632E+01 -0.673186E-01 -0.190702E+00 -0.145431E+01 -0.138772E+01 -0.158191E+01 -0.278165E+00
  0.100000E+02  0.000000E+00  0.257124E+00  0.253702E+00  0.456122E+00  0.690347E+00  0.643679E+00  0.766773E+00  0.103655E+01  0.126987E+01  0.154867E+01  0.174116E+01  0.175849E+01 -0.100000E+03  0.737673E+01  0.474153E+00  0.582797E+02  0.429634E+02  0.503856E+02  0.155118E+01  0.344085E+01  0.201701E+02  0.155945E+02  0.162474E+02  0.250778E+01  0.276155E-04 -0.119501E+00 -0.755834E-02 -0.205538E+01 -0.206375E+01 -0.235912E+01 -0.747415E-01 -0.224231E+00 -0.164310E+01 -0.153623E+01 -0.180141E+01 -0.277169E+00
  0.110000E+02  0.000000E+00  0.258149E+00  0.253658E+00  0.451919E+00  0.707949E+00  0.646704E+00  0.754129E+00  0.104821E+01  0.125517E+01  0.155585E+01  0.174455E+01  0.175353E+01 -0.100000E+03  0.780485E+01  0.481969E+00  0.637361E+02  0.467371E+02  0.551332E+02  0.172267E+01  0.391853E+01  0.228014E+02  0.170562E+02  0.183045E+02  0.249545E+01  0.301540E-04 -0.126982E+00 -0.768160E-02 -0.234864E+01 -0.235159E+01 -0.268525E+01 -0.816378E-01 -0.258276E+00 -0.184687E+01 -0.169216E+01 -0.204090E+01 -0.275028E+00
  0.111000E+02  0.000000E+00  0.258252E+00  0.253653E+00  0.451687E+00  0.710045E+00  0.647102E+00  0.752707E+00  0.104932E+01  0.125346E+01  0.155668E+01  0.174489E+01  0.175289E+01 -0.100000E+03  0.784903E+01  0.482635E+00  0.643000E+02  0.471466E+02  0.556399E+02  0.173956E+01  0.396698E+01  0.230948E+02  0.172139E+02  0.185324E+02  0.249304E+01  0.304312E-04 -0.127756E+00 -0.769207E-02 -0.238273E+01 -0.238509E+01 -0.272259E+01 -0.822832E-01 -0.261753E+00 -0.186943E+01 -0.170919E+01 -0.206761E+01 -0.274662E+00
  0.112000E+02  0.000000E+00  0.258280E+00  0.253651E+00  0.451647E+00  0.710170E+00  0.647385E+00  0.752639E+00  0.104985E+01  0.125308E+01  0.155650E+01  0.174484E+01  0.175256E+01 -0.100000E+03  0.784722E+01  0.484028E+00  0.642868E+02  0.471004E+02  0.556161E+02  0.175031E+01  0.399489E+01  0.231034E+02  0.172100E+02  0.185230E+02  0.250404E+01  0.318512E-04 -0.127740E+00 -0.771422E-02 -0.238169E+01 -0.238251E+01 -0.272209E+01 -0.827841E-01 -0.263729E+00 -0.186958E+01 -0.170859E+01 -0.206646E+01 -0.275823E+00
  0.113000E+02  0.000000E+00  0.258294E+00  0.253651E+00  0.451897E+00  0.710276E+00  0.647797E+00  0.752716E+00  0.105008E+01  0.125309E+01  0.155641E+01  0.174515E+01  0.175217E+01 -0.100000E+03  0.784070E+01  0.485525E+00  0.642434E+02  0.470575E+02  0.555833E+02  0.175434E+01  0.401198E+01  0.231089E+02  0.172101E+02  0.185213E+02  0.250025E+01  0.318770E-04 -0.127641E+00 -0.773808E-02 -0.238027E+01 -0.238007E+01 -0.272150E+01 -0.829834E-01 -0.264918E+00 -0.187008E+01 -0.170850E+01 -0.206664E+01 -0.275345E+00
  0.114000E+02  0.000000E+00  0.258693E+00  0.253673E+00  0.473218E+00  0.733268E+00  0.666455E+00  0.750939E+00  0.104610E+01  0.125895E+01  0.156434E+01  0.175735E+01  0.174969E+01 -0.100000E+03  0.793792E+01  0.489149E+00  0.658131E+02  0.493723E+02  0.578545E+02  0.166373E+01  0.396242E+01  0.244313E+02  0.180342E+02  0.195649E+02  0.220080E+01  0.127771E-04 -0.129432E+00 -0.779650E-02 -0.259905E+01 -0.261576E+01 -0.297018E+01 -0.785104E-01 -0.260647E+00 -0.199295E+01 -0.180214E+01 -0.220288E+01 -0.242006E+00
  0.115000E+02  0.000000E+00  0.259119E+00  0.253695E+00  0.487323E+00  0.749044E+00  0.678879E+00  0.749747E+00  0.104345E+01  0.126062E+01  0.156713E+01  0.176151E+01  0.174827E+01 -0.100000E+03  0.805859E+01  0.497991E+00  0.663143E+02  0.503187E+02  0.586690E+02  0.159694E+01  0.389153E+01  0.248337E+02  0.182669E+02  0.199031E+02  0.200970E+01  0.752699E-05 -0.131629E+00 -0.793812E-02 -0.271279E+01 -0.274039E+01 -0.309028E+01 -0.752381E-01 -0.255329E+00 -0.203062E+01 -0.182944E+01 -0.224783E+01 -0.220804E+00
  0.116000E+02  0.000000E+00  0.259146E+00  0.253710E+00  0.491567E+00  0.754205E+00  0.682428E+00  0.748723E+00  0.104144E+01  0.126119E+01  0.156818E+01  0.176260E+01  0.174708E+01 -0.100000E+03  0.812974E+01  0.506090E+00  0.666600E+02  0.508435E+02  0.591292E+02  0.153377E+01  0.379356E+01  0.250401E+02  0.184070E+02  0.201202E+02  0.187279E+01  0.587043E-05 -0.132813E+00 -0.806773E-02 -0.276204E+01 -0.279802E+01 -0.314382E+01 -0.721625E-01 -0.248414E+00 -0.204955E+01 -0.184520E+01 -0.227478E+01 -0.205616E+00
  0.117000E+02  0.000000E+00  0.259124E+00  0.253725E+00  0.490786E+00  0.754098E+00  0.681276E+00  0.747858E+00  0.103986E+01  0.126121E+01  0.156850E+01  0.176280E+01  0.174595E+01 -0.100000E+03  0.821362E+01  0.516226E+00  0.669185E+02  0.511233E+02  0.593545E+02  0.147993E+01  0.369476E+01  0.250791E+02  0.184567E+02  0.202411E+02  0.176737E+01  0.479081E-05 -0.134181E+00 -0.822980E-02 -0.277698E+01 -0.281845E+01 -0.315695E+01 -0.695485E-01 -0.241567E+00 -0.205298E+01 -0.185074E+01 -0.228928E+01 -0.193913E+00
  0.118000E+02  0.000000E+00  0.259223E+00  0.253738E+00  0.495482E+00  0.759540E+00  0.685442E+00  0.747029E+00  0.103828E+01  0.126171E+01  0.156932E+01  0.176362E+01  0.174483E+01 -0.100000E+03  0.826191E+01  0.521157E+00  0.671453E+02  0.515248E+02  0.596983E+02  0.143457E+01  0.362279E+01  0.252331E+02  0.185597E+02  0.203839E+02  0.167845E+01  0.410926E-05 -0.135027E+00 -0.830882E-02 -0.282084E+01 -0.286910E+01 -0.320480E+01 -0.673416E-01 -0.236495E+00 -0.206726E+01 -0.186241E+01 -0.230721E+01 -0.184037E+00
  0.119000E+02  0.000000E+00  0.259264E+00  0.253749E+00  0.499744E+00  0.764503E+00  0.689405E+00  0.746286E+00  0.103690E+01  0.126201E+01  0.156984E+01  0.176417E+01  0.174374E+01 -0.100000E+03  0.829774E+01  0.526652E+00  0.673283E+02  0.518617E+02  0.599670E+02  0.139664E+01  0.355925E+01  0.253446E+02  0.186361E+02  0.204845E+02  0.160859E+01  0.362728E-05 -0.135638E+00 -0.839678E-02 -0.285927E+01 -0.291364E+01 -0.324596E+01 -0.654954E-01 -0.232033E+00 -0.207751E+01 -0.187097E+01 -0.231982E+01 -0.176264E+00
  0.120000E+02  0.000000E+00  0.259216E+00  0.253757E+00  0.498988E+00  0.764186E+00  0.688597E+00  0.745645E+00  0.103582E+01  0.126241E+01  0.157035E+01  0.176466E+01  0.174271E+01 -0.100000E+03  0.832447E+01  0.531173E+00  0.674716E+02  0.520139E+02  0.600776E+02  0.136366E+01  0.349242E+01  0.253434E+02  0.186562E+02  0.205427E+02  0.154967E+01  0.329637E-05 -0.136053E+00 -0.846917E-02 -0.286609E+01 -0.292414E+01 -0.325150E+01 -0.638938E-01 -0.227434E+00 -0.207807E+01 -0.187367E+01 -0.232735E+01 -0.169706E+00
  0.130000E+02  0.000000E+00  0.259316E+00  0.253835E+00  0.512464E+00  0.781891E+00  0.700973E+00  0.740254E+00  0.102681E+01  0.126507E+01  0.157409E+01  0.176936E+01  0.173280E+01 -0.100000E+03  0.860583E+01  0.579892E+00  0.682973E+02  0.533656E+02  0.609791E+02  0.114199E+01  0.304100E+01  0.255418E+02  0.188959E+02  0.208148E+02  0.130558E+01  0.174730E-05 -0.140740E+00 -0.924881E-02 -0.301065E+01 -0.310006E+01 -0.338867E+01 -0.531193E-01 -0.196286E+00 -0.209988E+01 -0.190315E+01 -0.236584E+01 -0.142157E+00
  0.140000E+02  0.000000E+00  0.259097E+00  0.253891E+00  0.515917E+00  0.787524E+00  0.705169E+00  0.735995E+00  0.102050E+01  0.126902E+01  0.157790E+01  0.177456E+01  0.172333E+01 -0.100000E+03  0.877036E+01  0.627117E+00  0.688040E+02  0.540919E+02  0.613953E+02  0.102593E+01  0.274832E+01  0.256272E+02  0.190721E+02  0.208006E+02  0.136280E+01  0.126866E-05 -0.143330E+00 -0.100042E-01 -0.307349E+01 -0.318230E+01 -0.344622E+01 -0.474456E-01 -0.176288E+00 -0.211398E+01 -0.192621E+01 -0.237111E+01 -0.147578E+00
  0.150000E+02  0.000000E+00  0.258869E+00  0.253941E+00  0.518504E+00  0.791685E+00  0.708563E+00  0.732172E+00  0.101515E+01  0.127333E+01  0.158183E+01  0.178059E+01  0.171373E+01 -0.100000E+03  0.892121E+01  0.676198E+00  0.691511E+02  0.545940E+02  0.616347E+02  0.954984E+00  0.253192E+01  0.256700E+02  0.192082E+02  0.206385E+02  0.155887E+01  0.101797E-05 -0.145686E+00 -0.107894E-01 -0.311870E+01 -0.324134E+01 -0.348455E+01 -0.439348E-01 -0.161548E+00 -0.212495E+01 -0.194531E+01 -0.235979E+01 -0.167875E+00
  0.160000E+02  0.000000E+00  0.258599E+00  0.253986E+00  0.520074E+00  0.794355E+00  0.711112E+00  0.728620E+00  0.101043E+01  0.127782E+01  0.158575E+01  0.178716E+01  0.170385E+01 -0.100000E+03  0.905629E+01  0.726856E+00  0.694337E+02  0.549920E+02  0.618070E+02  0.910852E+00  0.236423E+01  0.257079E+02  0.193333E+02  0.204017E+02  0.183978E+01  0.868700E-06 -0.147756E+00 -0.115998E-01 -0.315278E+01 -0.328620E+01 -0.351289E+01 -0.417010E-01 -0.150141E+00 -0.213582E+01 -0.196332E+01 -0.234014E+01 -0.196993E+00
  0.170000E+02  0.000000E+00  0.258207E+00  0.254025E+00  0.520096E+00  0.795107E+00  0.712578E+00  0.725206E+00  0.100608E+01  0.128236E+01  0.158959E+01  0.179425E+01  0.169343E+01 -0.100000E+03  0.915164E+01  0.777493E+00  0.697435E+02  0.553893E+02  0.619843E+02  0.884232E+00  0.222646E+01  0.257919E+02  0.194903E+02  0.201449E+02  0.218211E+01  0.773282E-06 -0.149099E+00 -0.124098E-01 -0.318025E+01 -0.332354E+01 -0.353652E+01 -0.402925E-01 -0.140778E+00 -0.215091E+01 -0.198470E+01 -0.231859E+01 -0.232234E+00
  0.180000E+02  0.000000E+00  0.257826E+00  0.254063E+00  0.521324E+00  0.796960E+00  0.715077E+00  0.721905E+00  0.100199E+01  0.128666E+01  0.159327E+01  0.180204E+01  0.168239E+01 -0.100000E+03  0.924983E+01  0.830935E+00  0.700410E+02  0.557922E+02  0.621706E+02  0.869521E+00  0.211178E+01  0.258953E+02  0.196522E+02  0.198564E+02  0.256692E+01  0.703933E-06 -0.150489E+00 -0.132649E-01 -0.321440E+01 -0.336641E+01 -0.356629E+01 -0.394418E-01 -0.132980E+00 -0.216739E+01 -0.200648E+01 -0.229393E+01 -0.271432E+00
  0.190000E+02  0.000000E+00  0.257386E+00  0.254098E+00  0.521399E+00  0.797476E+00  0.716682E+00  0.718692E+00  0.998123E+00  0.129117E+01  0.159707E+01  0.181071E+01  0.167064E+01 -0.100000E+03  0.933360E+01  0.886256E+00  0.703291E+02  0.561557E+02  0.623206E+02  0.864657E+00  0.201479E+01  0.259812E+02  0.198010E+02  0.195356E+02  0.297933E+01  0.654029E-06 -0.151605E+00 -0.141500E-01 -0.324097E+01 -0.340060E+01 -0.358839E+01 -0.390466E-01 -0.126381E+00 -0.218273E+01 -0.202711E+01 -0.226623E+01 -0.312877E+00
  0.200000E+02  0.000000E+00  0.256937E+00  0.254132E+00  0.522057E+00  0.798583E+00  0.718834E+00  0.715555E+00  0.994431E+00  0.129580E+01  0.160100E+01  0.182043E+01  0.165813E+01 -0.100000E+03  0.941911E+01  0.943805E+00  0.705676E+02  0.564667E+02  0.624168E+02  0.866976E+00  0.193172E+01  0.260446E+02  0.199294E+02  0.191919E+02  0.340200E+01  0.615605E-06 -0.152739E+00 -0.150710E-01 -0.326695E+01 -0.343297E+01 -0.360826E+01 -0.389804E-01 -0.120720E+00 -0.219628E+01 -0.204581E+01 -0.223677E+01 -0.354637E+00
  0.210000E+02  0.000000E+00  0.256447E+00  0.254164E+00  0.522362E+00  0.799232E+00  0.720710E+00  0.712484E+00  0.990899E+00  0.130049E+01  0.160497E+01  0.183092E+01  0.164497E+01 -0.100000E+03  0.949378E+01  0.100363E+01  0.707992E+02  0.567596E+02  0.624985E+02  0.875124E+00  0.186048E+01  0.261131E+02  0.200601E+02  0.188613E+02  0.382023E+01  0.586785E-06 -0.153668E+00 -0.160284E-01 -0.329033E+01 -0.346202E+01 -0.362545E+01 -0.391779E-01 -0.115853E+00 -0.221045E+01 -0.206490E+01 -0.220946E+01 -0.395133E+00
  0.220000E+02  0.000000E+00  0.255916E+00  0.254193E+00  0.522229E+00  0.799335E+00  0.722272E+00  0.709471E+00  0.987497E+00  0.130511E+01  0.160888E+01  0.184194E+01  0.163128E+01 -0.100000E+03  0.955084E+01  0.106469E+01  0.710490E+02  0.570644E+02  0.625901E+02  0.887800E+00  0.179820E+01  0.261937E+02  0.201976E+02  0.185569E+02  0.422275E+01  0.565647E-06 -0.154280E+00 -0.170055E-01 -0.331289E+01 -0.349001E+01 -0.364205E+01 -0.395774E-01 -0.111590E+00 -0.222566E+01 -0.208473E+01 -0.218560E+01 -0.433201E+00
  0.230000E+02  0.000000E+00  0.255358E+00  0.254220E+00  0.522130E+00  0.799429E+00  0.723887E+00  0.706515E+00  0.984218E+00  0.130975E+01  0.161282E+01  0.185343E+01  0.161722E+01 -0.100000E+03  0.959687E+01  0.112808E+01  0.712880E+02  0.573548E+02  0.626673E+02  0.904242E+00  0.174440E+01  0.262785E+02  0.203365E+02  0.182845E+02  0.459939E+01  0.549544E-06 -0.154692E+00 -0.180202E-01 -0.333488E+01 -0.351685E+01 -0.365761E+01 -0.401424E-01 -0.107891E+00 -0.224134E+01 -0.210482E+01 -0.216582E+01 -0.467854E+00
  0.240000E+02  0.000000E+00  0.254787E+00  0.254246E+00  0.522467E+00  0.799942E+00  0.725806E+00  0.703615E+00  0.981048E+00  0.131436E+01  0.161679E+01  0.186523E+01  0.160300E+01 -0.100000E+03  0.963790E+01  0.119393E+01  0.715074E+02  0.576276E+02  0.627334E+02  0.923537E+00  0.169771E+01  0.263664E+02  0.204749E+02  0.180485E+02  0.494358E+01  0.536687E-06 -0.155012E+00 -0.190741E-01 -0.335801E+01 -0.354414E+01 -0.367368E+01 -0.408308E-01 -0.104664E+00 -0.225731E+01 -0.212498E+01 -0.215052E+01 -0.498526E+00
  0.250000E+02  0.000000E+00  0.254170E+00  0.254269E+00  0.520712E+00  0.798422E+00  0.726177E+00  0.700777E+00  0.977958E+00  0.131963E+01  0.162130E+01  0.187795E+01  0.158850E+01 -0.100000E+03  0.966065E+01  0.126129E+01  0.716736E+02  0.577865E+02  0.626488E+02  0.946622E+00  0.165455E+01  0.262986E+02  0.204964E+02  0.177466E+02  0.524564E+01  0.528495E-06 -0.155005E+00 -0.201522E-01 -0.336271E+01 -0.355204E+01 -0.366740E+01 -0.416827E-01 -0.101681E+00 -0.226010E+01 -0.213324E+01 -0.212779E+01 -0.524281E+00
